          76
         241
         239
         182
         230
         239
         205
         148
          78
          44
         169
         205
          19
         214
         143
         198
          90
         245
         153
          66
         154
          96
         160
          56
          26
          45
          78
         114
         192
         172
          53
         230
          54
         239
         129
         233
         245
          10
          65
         176
          84
          72
         127
         211
         188
         164
         176
          53
         109
         160
           6
         203
         163
          75
         109
         175
          17
         127
         182
          54
          55
         114
         214
          35
          50
         148
          83
          96
         127
           5
         129
         243
         162
          20
         179
          20
         143
         172
          60
           0
          19
         183
         255
           3
           6
          45
          35
         124
         165
          34
          47
           4
          76
         249
          13
          59
          52
          44
         127
         140
          79
           8
         102
          34
          67
         127
         182
         219
          67
          28
         246
         221
         133
         131
          38
          66
          12
          43
         244
           9
          70
         129
          72
         164
         163
         227
         232
          64
          42
          69
         138
          54
          15
         136
         222
         161
          30
         206
         240
           0
          57
          70
          87
          20
         242
          32
         113
          74
         134
          67
